(y, x, P(y))
0.0, 0.0, 0.0
1.0, 0.23222350426080557, 0.6480290902394832
2.0, 0.911542202216731, 2.4960625170012984
3.0, 2.012851413826696, 5.407925125904524
4.0, 3.512235878984802, 9.257486027760953
5.0, 5.38691976274859, 13.92806237113992
6.0, 7.615218563043102, 19.31185126968802
7.0, 10.176492854723422, 25.309388425485807
8.0, 13.051103805983454, 31.829031929787583
9.0, 16.220370405142305, 38.786469664690394
10.0, 19.666528337823593, 46.104248665763166
11.0, 23.37269045646866, 53.711324730385655
12.0, 27.322808785993995, 61.542630464448436
13.0, 31.50163801121705, 69.5386598465905
14.0, 35.89470039343522, 77.64506724991047
15.0, 40.48825206525121, 85.81227869164597
16.0, 45.269250654395314, 93.99511287704686
17.0, 50.22532418890366, 102.15240935965231
18.0, 55.344741237571505, 110.24666085112779
19.0, 60.616382241114216, 118.24364637400981
20.0, 66.02971199093679, 126.11206155394285
21.0, 71.57475321383612, 133.82314188755663
22.0, 77.24206122234189, 141.35027429074302
23.0, 83.02269959174039, 148.66859162186233
24.0, 88.90821682612417, 155.7545441768188
25.0, 94.89062397706985, 162.58544135877548
26.0, 100.96237317976599, 169.13895582459384
27.0, 107.116337072597, 175.3925813921441
28.0, 113.34578906733542, 181.32303484588118
29.0, 119.64438443820633, 186.90559049002914
30.0, 126.00614219916561, 192.11333485592613
31.0, 132.4254277397765, 196.91632735803302
32.0, 138.89693619108183, 201.28065089615285
33.0, 145.41567649384777, 205.1673344026466
34.0, 151.9769561425058, 208.53112711460622
35.0, 158.5763665790384, 211.31910189234023
36.0, 165.20976921194463, 213.4690621857976
37.0, 171.8732820362865, 214.90772424662612
38.0, 178.56326683164775, 215.548642870455
39.0, 185.276316915653, 215.28984530461756
40.0, 192.00924543147147, 214.01113394162147
41.0, 198.75907414849218, 211.57101400642716
42.0, 205.5230227560901, 207.80319760161953
43.0, 212.2984986311141, 202.51263016155357
44.0, 219.08308706041376, 195.47097954412013
45.0, 225.87454190039068, 186.41152161314884
46.0, 232.67077665619973, 175.02334918826028
47.0, 239.4698559638536, 160.94482361090292
48.0, 246.26998745908259, 143.75617983987553
49.0, 253.0695140173881, 122.97118688684222
50.0, 259.8669063502899, 98.02775546734962
51.0, 266.6607559433148, 68.27737390561609
52.0, 273.44976832180026, 32.97324151630295
53.0, 280.2327566310977, -8.743044187979393
54.0, 287.0086355182538, -57.85640413638686
55.0, 293.77641530272274, -115.49497112345577
56.0, 300.5351964241264, -182.94874956092133
57.0, 307.28416415552215, -261.69044916337384
58.0, 314.02258357107047, -353.39871980622434
59.0, 320.7497947574091, -459.9840361258068
60.0, 327.4652082584427, -583.6175035971764
61.0, 334.1683007436468, -726.7628829717567
62.0, 340.8586108903571, -892.2121572408656
63.0, 347.53573547087996, -1083.1249948808845
64.0, 354.19932563560826, -1303.072495211107
65.0, 360.8490833836655, -1556.0856364497017
66.0, 367.484758212926, -1846.7088846927281
67.0, 374.10614394157557, -2180.0594627877376
68.0, 380.71307569367974, -2561.8928221629358
69.0, 387.30542704151947, -2998.6749083586533
70.0, 393.8831072977395, -3497.6618625602705
71.0, 400.446058950625, -4066.987857139302
72.0, 406.99425523608755, -4715.761823381023
73.0, 413.5276978401945, -5454.173894541238
74.0, 420.0464147263219, -6293.612457484022
75.0, 426.5504580812468, -7246.792781780169
76.0, 433.0399023747231, -8327.898276692886
77.0, 439.5148425273043, -9552.735514368318
78.0, 445.9753921813901, -10938.90425223861
79.0, 452.42168207067505, -12505.983789615482
80.0, 458.8538584833777, -14275.737103220774
81.0, 465.27208181481546, -16272.334324509759
82.0, 471.67652520507437, -18522.59724868193
83.0, 478.06737325769967, -21056.266701855504
84.0, 484.44482083550054, -23906.294739670815
85.0, 490.8090719297274, -27109.163808279824
86.0, 497.16033859903706, -30705.235168020106
87.0, 503.49883997481135, -34739.12906185379
88.0, 509.8248013295412, -39260.13930570662
89.0, 516.1384532051289, -44322.68518707074
90.0, 522.4400305980952, -49986.8037825734
91.0, 528.7297721988067, -56318.68604566715
92.0, 535.0079196819682, -63391.260273226304
93.0, 541.2747170457382, -71284.82683577336
94.0, 547.5304099969463, -80087.7483514876
95.0, 553.7752453800019, -89897.1998003434
96.0, 560.0094706471856, -100819.98341302054
97.0, 566.2333333681237, -112973.41353104144
98.0, 572.4470807763407, -126486.27702142473
99.0, 578.6509593508805, -141499.87524257705
100.0, 584.8452144310761, -158169.1539998757
101.0, 591.0300898626416, -176663.92840117795
102.0, 597.2058276733319, -197170.21002621163
103.0, 603.3726677765115, -219891.64436146227
104.0, 609.5308477010367, -245051.0670258166
105.0, 615.6806023459386, -272892.1879241306
106.0, 621.822163758465, -303681.41311837215
107.0, 627.9557609341003, -337709.8149014555
108.0, 634.081619637259, -375295.26130006637
109.0, 640.1999622414003, -416784.7170223007
110.0, 646.3110075873806, -462556.7287067599
111.0, 652.4149708589126, -513024.10822492634
112.0, 658.5120634740565, -568636.8287413798
113.0, 664.6024929917224, -629885.1492500954
114.0, 670.6864630322154, -697302.9843833578
115.0, 676.7641732108973, -771471.5374363078
116.0, 682.8358190840945, -853023.2157690589
117.0, 688.9015921064176, -942645.8490435473
118.0, 694.9616795987065, -1041087.2321284933
119.0, 701.0162647258527, -1149160.0159674927
120.0, 707.0655264837902, -1267746.9712572522
121.0, 713.1096396949863, -1397806.6514306085
122.0, 719.1487750117924, -1540379.4831871735
123.0, 725.183098927057, -1696594.3146696242
124.0, 731.2127737914317, -1867675.4533510136
125.0, 737.2379578368301, -2054950.2277845794
126.0, 743.2588052055337, -2259857.1095793764
127.0, 749.2754659844646, -2483954.434308715
128.0, 755.2880862441713, -2728929.7625416773
129.0, 761.2968080821013, -2996609.924818646
130.0, 767.301769669759, -3288971.797177292
131.0, 773.3031053033679, -3608153.8567846757
132.0, 779.3009454576828, -3956468.570352424
133.0, 785.2954168426143, -4336415.67131531
134.0, 791.286642462354, -4750696.385247763
135.0, 797.2747416767007, -5202228.666688483
136.0, 803.2598302643136, -5694163.514451564
137.0, 809.24202048763, -6229902.436633359
138.0, 815.221421159208, -6813116.140890802
139.0, 821.1981377092616, -7447764.530179961
140.0, 827.1722722541799, -8138118.089017456
141.0, 833.1439236658325, -8888780.750474272
142.0, 839.1131876414717, -9704714.339546131
143.0, 845.0801567740657, -1.0591264694282193 E7
144.0, 851.0449206229007, -1.1554189572108734 E7
145.0, 857.0075657843005, -1.2599688455172855 E7
146.0, 862.968175962334, -1.3734434375272783 E7
147.0, 868.9268320393771, -1.4965607886049327 E7
148.0, 874.8836121464152, -1.6300933317607947 E7
149.0, 880.8385917329779, -1.774871745664641 E7
150.0, 886.7918436366087, -1.9317890803488433 E7
151.0, 892.7434381517758, -2.1018051566205006 E7
152.0, 898.6934430981444, -2.285951256124878 E7
153.0, 904.6419238881342, -2.4853351199771754 E7
154.0, 910.5889435936928, -2.701146274904957 E7
155.0, 916.5345630122241, -2.9346617069242463 E7
156.0, 922.4788407316173, -3.187251903708633 E7
157.0, 928.4218331943233, -3.4603872880079985 E7
158.0, 934.3635947604376, -3.75564506573207 E7
159.0, 940.304177769749, -4.074716513639181 E7
160.0, 946.2436326027196, -4.419414732963655 E7
161.0, 952.1820077403673, -4.791682896780764 E7
162.0, 958.1193498230235, -5.1936030204486705 E7
163.0, 964.0557037079463, -5.627405286086561 E7
164.0, 969.99111252577, -6.0954779537500635 E7
165.0, 975.9256177357763, -6.600377893754175 E7
166.0, 981.8592591799783, -7.14484177647265 E7
167.0, 987.792075136005, -7.731797957917072 E7
168.0, 993.7241023687842, -8.364379101471955 E7
169.0, 999.6553761810198, -9.045935578338954 E7
170.0, 1005.585930462464, -9.780049691528463 E7
171.0, 1011.515797737983, -1.0570550770635873 E8
172.0, 1017.4450092144253, -1.1421531187157086 E8
173.0, 1023.3735948262934, -1.233736334273891 E8
174.0, 1029.301583280229, -1.3322717685531527 E8
175.0, 1035.2290020983196, -1.4382581812716615 E8
176.0, 1041.15587766024, -1.552228072033204 E8
177.0, 1047.0822352442344, -1.6747498264711577 E8
178.0, 1053.0080990669592, -1.8064299903206652 E8
179.0, 1058.9334923221952, -1.9479156785370523 E8
180.0, 1064.8584372184491, -2.0998971269465265 E8
181.0, 1070.7829550154547, -2.2631103943007025 E8
182.0, 1076.7070660595969, -2.4383402230107987 E8
183.0, 1082.6307898182704, -2.626423067260031 E8
184.0, 1088.5541449131956, -2.8282502976366 E8
185.0, 1094.477149152708, -3.044771591892854 E8
186.0, 1100.39981956304, -3.276998521922972 E8
187.0, 1106.322172418617, -3.526008347559323 E8
188.0, 1112.2442232713854, -3.792948028320349 E8
189.0, 1118.1659869791931, -4.0790384647996014 E8
190.0, 1124.087477733245, -4.385578981968561 E8
191.0, 1130.008709084648, -4.7139520672748375 E8
192.0, 1135.929693970077, -5.0656283770560867 E8
193.0, 1141.8504447365692, -5.442172025455418 E8
194.0, 1147.770973165478, -5.845246170722575 E8
195.0, 1153.6912904956027, -6.276618914513129 E8
196.0, 1159.611407445515, -6.738169530560274 E8
197.0, 1165.5313342351026, -7.231895039890213 E8
198.0, 1171.4510806063518, -7.759917150584157 E8
199.0, 1177.3706558433876, -8.324489580958936 E8
200.0, 1183.2900687917925, -8.928005785947597 E8
201.0, 1189.209327877225, -9.5730071074089 E8
202.0, 1195.1284411233523, -1.0262191370086052 E9
203.0, 1201.0474161691252, -1.0998421945969675 E9
204.0, 1206.9662602854055, -1.1784737310899773 E9
205.0, 1212.8849803909727, -1.2624361118369637 E9
206.0, 1218.8035830679219, -1.35207128166707 E9
207.0, 1224.722074576474, -1.447741883674697 E9
208.0, 1230.6404608692208, -1.5498324379408534 E9
209.0, 1236.558747604812, -1.658750583188998 E9
210.0, 1242.4769401611134, -1.7749283845137126 E9
211.0, 1248.3950436478433, -1.898823710465771 E9
212.0, 1254.3130629187121, -2.0309216829290662 E9
213.0, 1260.2310025830734, -2.171736203382992 E9
214.0, 1266.1488670171111, -2.3218115593090754 E9
215.0, 1272.0666603745703, -2.481724114672172 E9
216.0, 1277.9843865970524, -2.652084088586318 E9
217.0, 1283.9020494238866, -2.8335374264618483 E9
218.0, 1289.819652401596, -3.026767768125049 E9
219.0, 1295.7371988929654, -3.2324985176046576 E9
220.0, 1301.6546920857338, -3.451495019490604 E9
221.0, 1307.5721350009178, -3.6845668469907165 E9
222.0, 1313.4895305007828, -3.9325702070402565 E9
223.0, 1319.4068812964722, -4.1964104680576286 E9
224.0, 1325.32418995531, -4.477044816189073 E9
225.0, 1331.241458907788, -4.775485046142634 E9
226.0, 1337.1586904542457, -5.0928004929823885 E9
227.0, 1343.0758867712618, -5.43012111153365 E9
228.0, 1348.9930499177597, -5.788640710341673 E9
229.0, 1354.910181840844, -6.169620347430586 E9
230.0, 1360.827284381377, -6.574391895424753 E9
231.0, 1366.7443592793038, -7.004361783923979 E9
232.0, 1372.6614081787366, -7.461014927365432 E9
233.0, 1378.5784326328076, -7.945918846961282 E9
234.0, 1384.4954341083012, -8.460727995670709 E9
235.0, 1390.4124139900723, -9.007188295550013 E9
236.0, 1396.3293735852587, -9.58714189722344 E9
237.0, 1402.2463141273006, -1.020253217163478 E10
238.0, 1408.1632367797674, -1.0855408944669958 E10
239.0, 1414.0801426400094, -1.1547933985692318 E10
240.0, 1419.997032742631, -1.2282386761496807 E10
241.0, 1425.913908062803, -1.3061170467676304 E10
242.0, 1431.8307695194133, -1.3886818349896479 E10
243.0, 1437.7476179780663, -1.4762000328098763 E10
244.0, 1443.6644542539375, -1.568952993719644 E10
245.0, 1449.5812791144886, -1.6672371598392248 E10
246.0, 1455.4980932820483, -1.7713648235833546 E10
247.0, 1461.414897436268, -1.881664925393013 E10
248.0, 1467.331692216454, -1.9984838891293118 E10
249.0, 1473.2484782237825, -2.122186496790822 E10
250.0, 1479.165256023407, -2.2531568042841507 E10
251.0, 1485.0820261464562, -2.39179910004815 E10
252.0, 1490.9987890919308, -2.5385389084054874 E10
253.0, 1496.9155453285052, -2.6938240395920067 E10
254.0, 1502.832295296236, -2.8581256884927742 E10
255.0, 1508.749039408181, -3.0319395841963238 E10
256.0, 1514.6657780519367, -3.2157871925634808 E10
257.0, 1520.582511591094, -3.4102169740954266 E10
258.0, 1526.499240366618, -3.615805699477518 E10
259.0, 1532.4159646981548, -3.833159825270132 E10
260.0, 1538.3326848852691, -4.062916932316435 E10
261.0, 1544.2494012086165, -4.305747229539251 E10
262.0, 1550.1661139310522, -4.562355125904903 E10
263.0, 1556.0828232986796, -4.8334808734417336 E10
264.0, 1561.999529541844, -5.119902284315286 E10
265.0, 1567.9162328760683, -5.422436525079248 E10
266.0, 1573.8329335029432, -5.741941991344369 E10
267.0, 1579.7496316109625, -6.079320266233801 E10
268.0, 1585.6663273763168, -6.435518166124839 E10
269.0, 1591.583020963638, -6.811529877312637 E10
270.0, 1597.4997125267093, -7.208399187373245 E10
271.0, 1603.416402209127, -7.627221815148175 E10
272.0, 1609.3330901449308, -8.069147843424916 E10
273.0, 1615.249776459197, -8.535384258543993 E10
274.0, 1621.1664612685952, -9.027197601324915 E10
275.0, 1627.0831446819163, -9.545916733872221 E10
276.0, 1632.9998268005677, -1.0092935726995988 E11
277.0, 1638.9165077190407, -1.0669716873161238 E11
278.0, 1644.8331875253507, -1.1277793830067336 E11
279.0, 1650.7498663014514, -1.1918774900151276 E11
280.0, 1656.6665441236228, -1.2594346451507834 E11
281.0, 1662.5832210628396, -1.3306276485927177 E11
282.0, 1668.4998971851144, -1.405641835996365 E11
283.0, 1674.4165725518226, -1.4846714665170337 E11
284.0, 1680.3332472200043, -1.5679201273863864 E11
285.0, 1686.2499212426537, -1.6556011557020465 E11
286.0, 1692.1665946689845, -1.7479380781147784 E11
287.0, 1698.0832675446823, -1.8451650691233002 E11
288.0, 1703.9999399121423, -1.9475274287127448 E11
289.0, 1709.9166118106884, -2.0552820800999924 E11
290.0, 1715.833283276784, -2.1686980883771494 E11
291.0, 1721.7499543442243, -2.288057200873368 E11
292.0, 1727.6666250443197, -2.4136544100851605 E11
293.0, 1733.5832954060668, -2.5457985400563858 E11
294.0, 1739.499965456308, -2.6848128571210675 E11
295.0, 1745.4166352198815, -2.831035705955306 E11
296.0, 1751.3333047197616, -2.984821171918696 E11
297.0, 1757.2499739771881, -3.146539770701202 E11
298.0, 1763.1666430117912, -3.3165791663276874 E11
299.0, 1769.0833118417036, -3.495344918610272 E11
300.0, 1774.9999804836687, -3.6832612611777 E11
301.0, 1780.9166489531399, -3.8807719112508276 E11
302.0, 1786.8333172643734, -4.0883409123756134 E11
303.0, 1792.749985430516, -4.3064535113674243 E11
304.0, 1798.6666534636847, -4.5356170707649133 E11
305.0, 1804.5833213750434, -4.776362018138341 E11
306.0, 1810.499989174872, -5.029242833643114 E11
307.0, 1816.4166568726337, -5.2948390772601245 E11
308.0, 1822.3333244770336, -5.573756457213035 E11
309.0, 1828.2499919960783, -5.866627941106407 E11
310.0, 1834.1666594371259, -6.174114911381335 E11
311.0, 1840.0833268069364, -6.496908366741515 E11
312.0, 1845.999994111718, -6.835730171259354 E11
313.0, 1851.9166613571686, -7.191334352931824 E11
314.0, 1857.8333285485141, -7.564508453515725 E11
315.0, 1863.7499956905472, -7.956074931536584 E11
316.0, 1869.66666278766, -8.366892620428646 E11
317.0, 1875.5833298438747, -8.797858243832329 E11
318.0, 1881.4999968628747, -9.249907990143575 E11
319.0, 1887.4166638480294, -9.724019148481637 E11
320.0, 1893.3333308024212, -1.0221211808315308 E12
321.0, 1899.2499977288667, -1.0742550625063345 E12
322.0, 1905.1666646299393, -1.128914665406457 E12
323.0, 1911.0833315079888, -1.1862159255391902 E12
324.0, 1916.9999983651596, -1.2462798072070173 E12
325.0, 1922.9166652034075, -1.309232508434206 E12
326.0, 1928.8333320245144, -1.3752056742716343 E12
327.0, 1934.7499988301054, -1.4443366182622969 E12
328.0, 1940.6666656216582, -1.5167685523594878 E12
329.0, 1946.583332400519, -1.5926508255992986 E12
330.0, 1952.4999991679117, -1.6721391718391292 E12
331.0, 1958.4166659249483, -1.755395966884247 E12
332.0, 1964.333332672639, -1.842590495335013 E12
333.0, 1970.249999411901, -1.9338992274984849 E12
334.0, 1976.166666143566, -2.0295061067193044 E12
335.0, 1982.083332868389, -2.1296028474964795 E12
336.0, 1987.9999995870544, -2.234389244764691 E12
337.0, 1993.9166663001793, -2.3440734947310723 E12
338.0, 1999.8333330083253, -2.458872527671323 E12
339.0, 2005.7499997119987, -2.579012353101799 E12
340.0, 2011.6666664116576, -2.7047284177581885 E12
341.0, 2017.5833331077156, -2.8362659768250483 E12
342.0, 2023.4999998005453, -2.9738804788747354 E12
343.0, 2029.4166664904837, -3.117837964989495 E12
344.0, 2035.3333331778344, -3.268415482555112 E12
345.0, 2041.249999862871, -3.425901514230594 E12
346.0, 2047.1666665458388, -3.5905964226144805 E12
347.0, 2053.0833332269594, -3.762812911144783 E12
348.0, 2058.9999999064316, -3.9428765017868804 E12
349.0, 2064.9166665844346, -4.1311260300811523 E12
350.0, 2070.833333261128, -4.327914158140426 E12
351.0, 2076.7499999366555, -4.533607906205956 E12
352.0, 2082.666666611146, -4.748589203389512 E12
353.0, 2088.5833332847155, -4.973255458249818 E12
354.0, 2094.499999957466, -5.208020149870592 E12
355.0, 2100.4166666294905, -5.453313440129948 E12
356.0, 2106.3333333008713, -5.709582807871133 E12
357.0, 2112.249999971682, -5.977293705707387 E12
358.0, 2118.166666641988, -6.256930240216803 E12
359.0, 2124.0833333118476, -6.548995876305715 E12
360.0, 2129.9999999813135, -6.854014166544169 E12
361.0, 2135.9166666504307, -7.172529506301194 E12
362.0, 2141.833333319242, -7.505107915533885 E12
363.0, 2147.7499999877823, -7.852337848109496 E12
364.0, 2153.666666656085, -8.214831029568282 E12
365.0, 2159.5833333241785, -8.593223324261218 E12
366.0, 2165.4999999920888, -8.988175632826236 E12
367.0, 2171.4166666598376, -9.400374820995605 E12
368.0, 2177.333333327445, -9.830534680757625 E12
369.0, 2183.2499999949287, -1.0279396924926717 E13
370.0, 2189.166666662304, -1.074773221620779 E13
371.0, 2195.083333329585, -1.1236341231874246 E13
372.0, 2200.999999996783, -1.174605576521206 E13
373.0, 2206.9166666639094, -1.2277739864917812 E13
374.0, 2212.8333333309733, -1.2832291013673414 E13
375.0, 2218.749999997982, -1.3410641347157836 E13
376.0, 2224.666666664944, -1.4013758914794174 E13
377.0, 2230.583333331864, -1.4642648983566324 E13
378.0, 2236.499999998749, -1.5298355386284844 E13
379.0, 2242.4166666656024, -1.5981961915716146 E13
380.0, 2248.3333333324294, -1.6694593766036684 E13
381.0, 2254.2499999992338, -1.7437419023113121 E13
382.0, 2260.1666666660176, -1.8211650205156508 E13
383.0, 2266.0833333327846, -1.9018545855343137 E13
384.0, 2271.9999999995366, -1.985941218804067 E13
385.0, 2277.916666666276, -2.073560479032864 E13
386.0, 2283.8333333330042, -2.1648530380549254 E13
387.0, 2289.7499999997235, -2.259964862567763 E13
388.0, 2295.6666666664346, -2.3590474019350984 E13
389.0, 2301.583333333139, -2.4622577822451 E13
390.0, 2307.499999999837, -2.5697590068188086 E13
391.0, 2313.416666666531, -2.681720163369358 E13
392.0, 2319.3333333332203, -2.798316638018223 E13
393.0, 2325.249999999906, -2.919730336380975 E13
394.0, 2331.1666666665883, -3.046149911940879 E13
395.0, 2337.083333333268, -3.1777710019350227 E13
396.0, 2342.9999999999463, -3.3147964709843426 E13
397.0, 2348.9166666666224, -3.4574366627050668 E13
398.0, 2354.8333333332967, -3.6059096595464664 E13
399.0, 2360.74999999997, -3.760441551106372 E13
400.0, 2366.666666666642, -3.921266711183099 E13
401.0, 2372.583333333313, -4.088628083830172 E13
402.0, 2378.499999999983, -4.262777478687162 E13
403.0, 2384.4166666666533, -4.443975875868378 E13
404.0, 2390.333333333322, -4.632493740698432 E13
405.0, 2396.249999999991, -4.828611348592581 E13
406.0, 2402.1666666666597, -5.0326191203873375 E13
407.0, 2408.0833333333276, -5.244817968435983 E13
408.0, 2413.9999999999955, -5.465519653792492 E13
409.0, 2419.9166666666633, -5.695047154815751 E13
410.0, 2425.8333333333308, -5.933735047536097 E13
411.0, 2431.7499999999977, -6.181929898134993 E13
412.0, 2437.666666666665, -6.439990667898988 E13
413.0, 2443.583333333332, -6.7082891310185875 E13
414.0, 2449.4999999999986, -6.987210305613432 E13
415.0, 2455.4166666666656, -7.277152898375425 E13
416.0, 2461.3333333333326, -7.578529763232227 E13
417.0, 2467.2499999999995, -7.891768374444762 E13
418.0, 2473.1666666666665, -8.217311314563788 E13
419.0, 2479.083333333333, -8.555616777682045 E13
420.0, 2484.9999999999995, -8.907159088430453 E13
421.0, 2490.9166666666665, -9.272429237179428 E13
422.0, 2496.833333333333, -9.651935431918203 E13
423.0, 2502.7499999999995, -1.0046203667299114 E14
424.0, 2508.666666666667, -1.0455778311345753 E14
425.0, 2514.5833333333335, -1.088122271033774 E14
426.0, 2520.5, -1.132311981240012 E14
427.0, 2526.416666666667, -1.1782072810337203 E14
428.0, 2532.3333333333335, -1.2258705804266906 E14
429.0, 2538.25, -1.2753664484626842 E14
430.0, 2544.166666666667, -1.3267616836137297 E14
431.0, 2550.0833333333335, -1.3801253863322702 E14
432.0, 2556.0, -1.4355290338210356 E14
433.0, 2561.916666666667, -1.4930465570839112 E14
434.0, 2567.8333333333335, -1.5527544203230106 E14
435.0, 2573.75, -1.6147317027488097 E14
436.0, 2579.666666666667, -1.679060182871846 E14
437.0, 2585.5833333333335, -1.7458244253465094 E14
438.0, 2591.5, -1.8151118704392378 E14
439.0, 2597.416666666667, -1.8870129261951844 E14
440.0, 2603.3333333333335, -1.9616210633796644 E14
441.0, 2609.25, -2.0390329132724488 E14
442.0, 2615.166666666667, -2.119348368395131 E14
443.0, 2621.0833333333335, -2.202670686253886 E14
444.0, 2627.0, -2.289106596182068 E14
445.0, 2632.916666666667, -2.3787664093693197 E14
446.0, 2638.8333333333335, -2.4717641321660975 E14
447.0, 2644.75, -2.5682175827548662 E14
448.0, 2650.666666666667, -2.6682485112815394 E14
449.0, 2656.5833333333335, -2.771982723543196 E14
450.0, 2662.5, -2.879550208330577 E14
451.0, 2668.416666666667, -2.9910852685264425 E14
452.0, 2674.3333333333335, -3.1067266560633006 E14
453.0, 2680.25, -3.226617710847056 E14
454.0, 2686.166666666667, -3.3509065037554194 E14
455.0, 2692.0833333333335, -3.4797459838229075 E14
456.0, 2698.0, -3.613294129727332 E14
457.0, 2703.916666666667, -3.751714105695188 E14
458.0, 2709.8333333333335, -3.8951744219465406 E14
459.0, 2715.75, -4.043849099803389 E14
460.0, 2721.666666666667, -4.197917841587894 E14
461.0, 2727.5833333333335, -4.357566205440826 E14
462.0, 2733.5, -4.5229857851935356 E14
463.0, 2739.416666666667, -4.694374395429882 E14
464.0, 2745.3333333333335, -4.871936261878495 E14
465.0, 2751.25, -5.055882217279077 E14
466.0, 2757.166666666667, -5.246429902869663 E14
467.0, 2763.0833333333335, -5.4438039756461206 E14
468.0, 2769.0, -5.648236321548616 E14
469.0, 2774.916666666667, -5.859966274733315 E14
470.0, 2780.8333333333335, -6.079240843092252 E14
471.0, 2786.75, -6.30631494018772 E14
472.0, 2792.666666666667, -6.541451623772066 E14
473.0, 2798.5833333333335, -6.784922341067584 E14
474.0, 2804.5, -7.037007180986172 E14
475.0, 2810.416666666667, -7.297995133472296 E14
476.0, 2816.3333333333335, -7.568184356157365 E14
477.0, 2822.25, -7.847882448518539 E14
478.0, 2828.166666666667, -8.137406733739915 E14
479.0, 2834.0833333333335, -8.437084548477772 E14
480.0, 2840.0, -8.747253540738371 E14
481.0, 2845.916666666667, -9.068261976079688 E14
482.0, 2851.8333333333335, -9.40046905235572 E14
483.0, 2857.75, -9.744245223225966 E14
484.0, 2863.666666666667, -1.0099972530658338 E15
485.0, 2869.5833333333335, -1.046804494665966 E15
486.0, 2875.5, -1.0848868724473499 E15
487.0, 2881.416666666667, -1.1242862759490945 E15
488.0, 2887.3333333333335, -1.1650458960124545 E15
489.0, 2893.25, -1.207210262890452 E15
490.0, 2899.166666666667, -1.2508252854059875 E15
491.0, 2905.0833333333335, -1.2959382911854028 E15
492.0, 2911.0, -1.34259806799527 E15
493.0, 2916.916666666667, -1.3908549062105475 E15
494.0, 2922.8333333333335, -1.4407606424432158 E15
495.0, 2928.75, -1.4923687043610532 E15
496.0, 2934.666666666667, -1.5457341567267795 E15
497.0, 2940.5833333333335, -1.6009137486888985 E15
498.0, 2946.5, -1.6579659623559408 E15
499.0, 2952.416666666667, -1.716951062686706 E15

Process finished with exit code 0

