0.0
0.0
0.23222350426080557
0.6480290902394832
0.911542202216731
2.4960625170012984
2.012851413826696
5.407925125904524
3.512235878984802
9.257486027760953
5.38691976274859
13.92806237113992
7.615218563043102
19.31185126968802
10.176492854723422
25.309388425485807
13.051103805983454
31.829031929787583
16.220370405142305
38.786469664690394
19.666528337823593
46.104248665763166
23.37269045646866
53.711324730385655
27.322808785993995
61.542630464448436
31.50163801121705
69.5386598465905
35.89470039343522
77.64506724991047
40.48825206525121
85.81227869164597
45.269250654395314
93.99511287704686
50.22532418890366
102.15240935965231
55.344741237571505
110.24666085112779
60.616382241114216
118.24364637400981
66.02971199093679
126.11206155394285
71.57475321383612
133.82314188755663
77.24206122234189
141.35027429074302
83.02269959174039
148.66859162186233
88.90821682612417
155.7545441768188
94.89062397706985
162.58544135877548
100.96237317976599
169.13895582459384
107.116337072597
175.3925813921441
113.34578906733542
181.32303484588118
119.64438443820633
186.90559049002914
126.00614219916561
192.11333485592613
132.4254277397765
196.91632735803302
138.89693619108183
201.28065089615285
145.41567649384777
205.1673344026466
151.9769561425058
208.53112711460622
158.5763665790384
211.31910189234023
165.20976921194463
213.4690621857976
171.8732820362865
214.90772424662612
178.56326683164775
215.548642870455
185.276316915653
215.28984530461756
192.00924543147147
214.01113394162147
198.75907414849218
211.57101400642716
205.5230227560901
207.80319760161953
212.2984986311141
202.51263016155357
219.08308706041376
195.47097954412013
225.87454190039068
186.41152161314884
232.67077665619973
175.02334918826028
239.4698559638536
160.94482361090292
246.26998745908259
143.75617983987553
253.0695140173881
122.97118688684222
